<?xml version="1.0"?>
<opencv_storage>
<calibration_Time>"Wed Apr 29 18:03:50 2015"</calibration_Time>
<nrOfFrames>20</nrOfFrames>
<image_Width>1280</image_Width>
<image_Height>720</image_Height>
<board_Width>9</board_Width>
<board_Height>6</board_Height>
<square_Size>22.</square_Size>
<FixAspectRatio>1.</FixAspectRatio>
<!-- flags:  +fix_aspectRatio +fix_principal_point +zero_tangent_dist -->
<flagValue>14</flagValue>
<Camera_Matrix type_id="opencv-matrix">
  <rows>3</rows>
  <cols>3</cols>
  <dt>d</dt>
  <data>
    7.8072637417225917e+02 0. 6.3950000000000000e+02 0.
    7.8072637417225917e+02 3.5950000000000000e+02 0. 0. 1.</data></Camera_Matrix>
<Distortion_Coefficients type_id="opencv-matrix">
  <rows>5</rows>
  <cols>1</cols>
  <dt>d</dt>
  <data>
    -2.5018958363661592e-01 1.2893149940353546e-01 0. 0.
    -5.3341335877374205e-02</data></Distortion_Coefficients>
<Avg_Reprojection_Error>1.3433335838061736e-01</Avg_Reprojection_Error>
<Per_View_Reprojection_Errors type_id="opencv-matrix">
  <rows>20</rows>
  <cols>1</cols>
  <dt>f</dt>
  <data>
    1.41711056e-01 1.33267701e-01 1.42030790e-01 1.34857282e-01
    1.54582605e-01 1.56358868e-01 1.32461339e-01 1.27670005e-01
    1.24545462e-01 1.11818992e-01 1.08785480e-01 1.18977383e-01
    1.30120993e-01 1.12536646e-01 1.17389828e-01 1.27918363e-01
    2.12547496e-01 1.20305128e-01 1.22433439e-01 1.18885912e-01</data></Per_View_Reprojection_Errors>
<!-- a set of 6-tuples (rotation vector + translation vector) for each view -->
<Extrinsic_Parameters type_id="opencv-matrix">
  <rows>20</rows>
  <cols>6</cols>
  <dt>d</dt>
  <data>
    -1.3127809524021161e-01 -3.6219219825039006e-02
    1.9528756917773982e-01 -3.0394414227800007e+02
    9.0031414604229155e+01 8.5576948481848103e+02
    -1.3410725388337744e-01 -3.6406301505099686e-02
    1.8989168078899718e-01 -3.7763063909520906e+02
    9.6590773772657684e+01 8.6761850566500448e+02
    -1.2332148224573714e-01 -2.5065660891007251e-02
    1.8744237363262520e-01 -4.0949898637881876e+02
    9.1981763004318452e+01 8.7041169596661234e+02
    -9.4240444272470428e-02 -6.1620708133893434e-02
    2.4782371422939262e-01 -4.7278727675722689e+02
    7.2340253835661628e+01 8.8427422445245645e+02
    -6.8087718570066583e-02 -2.5188177519446266e-02
    3.9975346858032557e-01 -5.7443646338319195e+02
    1.8830147180717457e+01 9.0700236564150953e+02
    -1.4515661162223303e-01 -4.7318467163566094e-02
    5.6960107762915124e-01 -6.2960419451706082e+02
    -2.2865887367771919e+01 9.1458580356657228e+02
    -1.2909095016439492e-01 -2.5231671269974637e-01
    1.4841277810191067e+00 -4.2952541404659740e+02
    4.6224363614897861e+01 9.4229168006504801e+02 9.3173063505898837e-02
    -3.1072803319090797e-01 2.8807946889740066e+00
    -2.9914072935829932e+01 -2.0763471446405461e+01
    8.9723387420067911e+02 7.7740870020845246e-02
    -3.0429839042707940e-01 2.9176498839467624e+00
    -2.0325647335483705e+01 -6.0553859473360818e+00
    9.0208877780820626e+02 -1.3224429998649506e-01
    3.2396174325365495e-01 -3.0865670036428283e+00
    4.3407736066088468e+01 -2.0362526366679749e+01
    8.5888913338072007e+02 -1.0890553480270934e-01
    2.8917616208880875e-01 -3.0808867465062817e+00
    5.1643828785098819e+01 -1.8300690382149217e+01
    8.4955301668248944e+02 -1.3001873465942793e-01
    2.6813050989261905e-01 -3.1237981929712966e+00
    7.1393940066140701e+01 -2.0693790729235083e+01
    8.4391769754503650e+02 -1.0914885023700174e-01
    2.5861190993982086e-01 -2.8530195642523033e+00
    5.8829781407796737e+01 -4.7924063496978945e+01
    8.1953475532376740e+02 -1.3277322366244046e-01
    2.6895210763781918e-01 -2.8322617066755100e+00
    5.2672620534132946e+01 -4.6264241918297863e+01
    8.2163821485778067e+02 -1.5608604246680832e-01
    3.0218532500023637e-01 -2.8108287695662009e+00
    4.9072271853175181e+01 -4.6388121186667277e+01
    8.2820148831250503e+02 -1.4867009160662506e-01
    3.6184101617081926e-01 -2.7128717557874706e+00
    7.8750894033479170e+01 -5.2767443448735740e+01
    8.4866104974815494e+02 -2.9059728880388797e-01
    1.2649676431111392e-01 -3.3621913275834675e-01
    5.7981926649942771e+01 1.3626323670398796e+02 1.0154983252047303e+03
    -3.3621992700623293e-01 -1.4463956810226883e-01
    -2.9862298735123605e-03 -2.2979184562967882e+02
    3.3191009745961146e+01 8.5429255668118026e+02
    -3.1848179812899746e-01 -1.0288940240839629e-01
    -9.6832385960178794e-03 -2.1980804083821940e+02
    2.6864104762046942e+01 8.6710813886230949e+02
    -3.1390650492085515e-01 -9.2911992092239909e-02
    -1.5449089840220085e-02 -2.1975698985532833e+02
    3.4169839872038395e+01 8.6867391050807896e+02</data></Extrinsic_Parameters>
